702
765
121
918
235
628
49
652
372
467
397
611
551
821
381
65
297
432
582
667
725
411
513
876
538
841
980
282
608
699
190
99
441
265
839
868
798
73
44
146
286
272
465
347
877
40
952
165
832
505
811
21
478
311
636
855
35
315
436
787
1
984
15
19
908
807
684
36
516
990
439
910
300
745
284
621
382
919
927
976
113
193
371
631
435
561
617
714
5
4
966
545
662
905
605
375
559
968
614
817
416
329
752
581
399
450
624
704
936
533
657
75
837
801
169
517
93
909
394
962
344
647
422
283
610
731
822
849
923
973
521
28
207
860
509
191
824
11
519
554
592
13
110
588
162
39
66
646
738
638
653
384
302
683
322
490
645
133
904
220
539
299
985
654
734
417
206
257
815
25
252
410
750
921
777
224
38
672
29
457
106
511
979
754
56
691
869
336
818
360
864
352
983
387
87
361
522
132
366
343
802
961
764
760
197
627
830
346
568
942
244
305
964
232
880
448
285
957
986
729
622
612
806
695
388
212
827
306
46
91
262
355
431
438
221
418
298
666
301
434
804
229
640
888
862
899
946
22
295
668
18
377
182
768
793
746
755
595
726
893
685
879
217
847
800
697
733
719
993
544
127
585
891
58
425
753
889
50
917
144
452
303
887
854
433
341
829
222
186
819
732
571
861
890
131
591
836
583
885
475
871
292
485
114
771
950
626
748
263
523
403
367
59
415
723
96
894
277
658
357
155
857
351
776
692
188
945
137
618
742
353
176
312
159
884
563
331
70
158
878
404
651
356
486
586
354
931
944
978
795
79
865
601
584
107
407
845
594
898
440
243
987
518
747
461
180
264
794
241
701
345
34
126
81
82
567
674
134
526
167
488
88
792
349
330
225
842
254
598
317
123
937
227
31
820
541
609
524
201
428
805
913
689
290
681
649
789
468
408
53
369
920
72
799
593
576
510
7
718
183
469
304
76
482
762
226
174
390
275
402
547
57
497
479
975
33
892
376
550
532
473
208
546
476
577
935
391
534
693
495
338
393
97
982
209
761
363
960
770
758
556
237
150
932
682
530
233
296
195
139
629
421
163
977
902
294
600
255
274
487
166
420
569
589
108
686
124
269
100
835
55
160
147
602
130
204
670
949
943
531
239
578
141
933
780
16
374
814
89
261
477
223
690
934
721
194
665
673
607
882
675
437
250
872
972
912
464
648
858
205
214
698
170
400
249
963
722
796
175
45
125
552
210
775
711
2
781
17
251
620
80
447
866
763
661
679
700
515
514
140
268
62
153
501
929
727
773
922
838
494
178
358
242
171
398
413
848
78
995
741
856
951
240
474
350
703
266
320
907
783
696
245
998
459
327
967
430
41
463
156
117
724
314
635
247
851
956
187
823
189
276
423
650
637
267
616
991
116
828
939
151
739
323
659
23
941
405
218
565
412
520
644
507
164
705
287
179
797
83
200
570
633
903
743
560
379
339
442
103
37
337
47
527
60
259
98
313
348
575
886
157
630
51
655
3
678
688
86
270
152
716
558
574
308
549
20
548
587
496
715
619
273
744
9
215
219
863
508
730
248
321
161
713
202
143
938
669
10
396
875
709
535
562
924
537
291
590
426
77
791
707
115
211
446
419
813
953
85
414
778
258
680
462
717
453
63
84
386
118
660
769
104
102
981
443
529
896
489
481
926
757
172
231
881
782
873
238
168
466
14
954
996
328
236
145
380
177
810
128
181
955
916
710
280
579
69
766
504
30
572
6
119
597
271
455
816
136
639
373
460
790
359
43
120
54
604
0
427
48
615
994
883
772
566
503
784
564
281
706
492
67
809
825
470
90
105
736
992
971
324
483
253
334
332
472
573
383
542
708
499
230
930
68
901
870
109
429
199
906
184
52
185
142
288
458
948
826
256
965
61
32
728
493
852
642
307
138
484
326
26
389
409
846
289
603
392
445
687
925
112
27
759
677
803
454
12
368
596
395
506
216
599
42
111
424
378
671
859
316
553
853
999
911
342
449
632
712
613
192
8
928
196
498
774
557
278
203
970
831
64
279
364
234
340
643
843
833
850
812
540
751
895
525
309
95
71
154
694
580
840
900
634
641
623
663
785
988
246
260
969
135
625
664
788
444
451
148
897
491
528
325
333
749
293
834
940
502
401
335
24
536
385
914
365
779
318
94
915
310
406
947
959
480
319
500
543
122
997
129
974
867
228
874
213
844
370
74
512
362
471
737
173
740
456
989
149
767
656
606
735
808
198
786
958
101
720
555
92
756
676
