966
253
724
319
436
103
487
698
726
229
723
265
368
805
874
801
324
563
416
389
282
912
106
215
577
915
45
590
624
149
206
239
929
320
964
673
500
670
67
373
542
417
288
353
813
578
157
482
889
907
823
196
379
152
875
909
748
761
731
418
650
606
159
129
367
245
450
682
391
656
274
582
207
302
678
878
502
458
969
739
156
459
546
136
270
304
123
238
932
134
262
931
189
687
260
125
53
677
700
957
466
385
769
235
865
124
252
460
60
375
472
27
513
532
827
725
463
933
185
640
428
331
864
753
438
587
525
68
5
271
712
817
800
200
332
970
519
506
41
897
231
25
272
527
172
87
694
806
0
535
84
631
2
232
841
851
469
649
592
430
343
489
336
822
783
786
913
953
76
33
849
696
478
137
642
998
711
808
704
448
833
846
425
199
15
382
54
602
171
30
101
752
261
663
177
877
976
799
323
314
404
285
176
820
242
545
566
987
476
830
79
47
507
82
816
190
992
683
611
132
219
709
63
986
788
977
647
549
871
807
495
763
773
166
276
499
218
511
57
442
668
299
755
728
453
477
918
344
88
941
567
621
558
980
645
794
569
148
56
400
161
553
345
369
508
421
528
118
974
167
686
840
339
961
872
691
598
777
250
273
831
658
950
888
85
557
405
603
498
201
34
591
479
505
433
524
153
605
632
925
308
241
847
811
8
848
366
779
380
456
718
951
337
921
972
881
633
268
832
958
644
141
7
142
665
429
98
706
503
609
361
246
225
866
662
248
446
21
247
322
666
819
601
982
994
164
127
340
679
295
765
802
441
942
342
251
96
531
296
202
93
486
105
901
491
672
398
139
90
836
774
853
51
298
529
978
971
464
720
174
119
757
42
780
782
59
675
292
49
521
869
730
372
886
814
810
422
300
31
729
695
388
102
962
993
22
721
896
956
858
515
571
359
895
335
376
484
412
114
496
263
772
264
112
312
952
181
183
565
381
825
258
795
548
72
781
221
403
227
651
599
845
197
138
126
363
884
117
940
390
352
52
113
493
326
9
738
187
184
228
876
707
355
473
910
629
69
760
284
338
676
968
892
920
210
208
798
64
401
742
991
759
584
714
880
556
387
716
151
522
589
963
378
423
630
955
43
470
863
518
294
615
638
544
311
198
18
857
984
636
334
111
643
692
561
829
916
856
154
868
637
812
581
40
879
480
236
697
835
949
596
736
170
900
325
514
327
562
255
259
488
333
287
891
444
634
1
286
14
100
455
32
826
452
939
194
37
309
657
468
243
128
926
855
315
415
211
985
595
419
440
133
937
465
147
579
688
10
317
110
224
50
66
559
329
975
396
409
163
568
29
622
38
580
122
397
48
240
610
746
454
457
321
533
91
374
792
12
356
492
536
574
540
307
789
935
749
11
607
443
384
445
256
143
289
902
593
905
494
89
393
97
751
785
588
620
943
350
619
108
109
793
408
394
685
358
383
959
690
420
182
784
754
617
377
399
804
667
699
575
269
217
762
115
58
509
906
144
195
722
702
583
234
330
407
997
890
653
155
661
16
70
552
843
402
435
254
297
899
625
413
954
280
281
860
733
410
936
426
483
318
354
437
965
659
168
809
490
193
83
705
222
944
745
715
386
523
150
919
648
743
930
414
17
461
904
131
922
116
747
293
212
996
555
290
537
870
923
735
424
758
73
671
859
316
94
303
854
510
594
277
597
520
203
46
107
362
306
834
911
278
796
727
471
750
160
882
186
576
462
613
501
710
948
740
432
600
635
130
960
539
39
449
850
927
474
275
20
681
815
62
173
767
737
652
516
481
680
266
249
497
766
768
44
526
708
604
13
570
360
301
77
434
209
538
3
313
616
627
628
641
406
205
967
771
26
775
220
873
821
938
701
341
828
717
852
305
24
365
946
310
572
357
908
188
35
214
348
770
898
614
395
719
541
945
81
693
447
790
585
75
626
411
989
861
180
689
427
893
179
612
104
655
346
244
61
744
560
639
351
431
646
983
475
99
586
120
530
267
512
803
867
86
213
981
23
175
547
990
674
162
216
78
934
485
517
146
370
573
121
684
291
664
28
623
618
71
894
145
4
551
230
713
371
778
80
787
504
55
135
543
838
837
660
392
903
979
885
973
451
328
439
862
764
741
887
756
364
223
734
947
669
226
257
233
842
914
844
776
467
95
65
165
158
347
140
36
608
279
818
924
703
554
92
204
917
169
988
883
178
550
19
791
797
192
732
999
839
824
928
191
237
349
6
654
995
74
283
534
564
