473
112
350
965
400
229
715
839
792
10
693
144
498
138
458
328
939
517
359
916
757
569
995
519
683
288
613
469
306
728
927
691
378
331
528
835
424
436
86
474
799
727
800
139
523
908
868
978
16
414
64
175
712
341
348
765
740
600
418
842
136
698
115
853
159
588
96
822
993
823
850
450
648
100
316
753
935
985
656
188
390
545
496
295
446
805
666
616
301
2
632
75
497
888
829
834
744
435
370
538
511
697
987
921
690
575
951
196
423
25
546
568
515
625
688
660
426
641
930
860
663
98
275
233
266
615
982
66
80
636
912
480
29
915
651
563
490
366
863
271
462
870
962
851
977
732
325
154
644
815
499
95
419
899
147
772
14
667
635
797
719
345
401
321
445
246
604
432
787
936
754
94
166
278
492
46
774
254
932
250
389
413
668
658
629
439
332
108
123
34
329
542
709
337
384
940
966
770
277
215
142
796
902
425
346
470
630
603
487
81
838
708
981
31
257
104
261
534
947
355
872
544
689
173
926
750
929
704
403
481
640
646
149
210
852
36
391
291
39
723
967
702
116
664
152
608
356
527
945
790
610
617
514
983
430
145
782
297
857
128
817
388
533
38
665
218
379
20
721
133
911
374
212
898
78
767
677
584
561
937
433
444
209
552
612
502
974
342
26
176
485
411
895
686
992
7
203
905
880
946
748
885
407
197
614
777
284
938
923
488
841
769
214
671
367
605
760
968
862
230
633
953
662
155
225
127
9
24
631
293
560
44
861
239
638
91
213
422
681
41
456
408
602
990
751
970
281
525
351
256
52
268
917
472
415
76
904
878
452
354
682
865
997
361
975
79
752
409
598
961
920
922
804
65
40
522
924
440
791
813
192
573
749
963
729
313
471
476
141
778
85
309
495
114
494
477
60
484
232
866
174
710
19
919
594
107
521
649
357
299
699
262
879
844
672
928
417
848
589
224
806
205
179
371
240
669
653
61
952
700
741
780
944
745
609
984
134
548
673
6
54
883
308
130
856
410
347
311
903
438
106
948
891
810
191
211
294
652
68
674
101
336
53
169
163
63
97
914
675
559
518
925
352
781
890
931
427
763
761
198
909
5
567
906
467
380
103
448
140
206
590
832
825
475
647
105
994
135
687
897
582
980
793
59
840
703
3
509
606
131
187
808
655
190
730
894
72
296
92
557
43
236
571
572
143
125
28
507
836
722
956
532
565
971
317
0
513
109
809
581
784
508
849
801
943
733
122
8
734
854
659
67
369
957
746
12
88
738
457
260
312
272
244
726
110
358
875
383
585
468
189
593
705
479
766
802
315
172
696
124
742
843
483
442
680
208
820
385
500
305
955
204
318
282
381
466
776
165
794
798
910
22
118
70
160
217
283
867
886
643
460
416
42
202
896
314
493
183
873
57
846
18
201
199
171
618
180
376
465
253
216
82
786
824
529
420
701
587
310
286
627
368
695
621
991
372
555
69
455
889
743
45
184
292
162
619
27
989
255
428
711
343
558
833
377
764
731
512
541
789
234
611
51
881
736
129
892
972
280
918
553
300
788
222
762
338
164
591
758
245
785
207
574
998
510
959
969
437
265
826
884
811
620
228
248
596
828
375
976
958
869
99
151
395
89
549
324
32
877
451
583
735
491
326
685
988
237
550
586
819
624
622
803
223
247
536
303
226
874
845
756
449
531
386
642
263
251
725
818
273
364
934
551
84
258
670
713
185
847
595
289
353
779
429
964
954
464
362
637
327
30
412
404
443
392
714
243
900
601
259
220
679
768
747
554
62
478
37
453
397
530
421
489
771
307
285
405
717
694
111
153
304
724
463
90
298
876
650
93
4
270
74
941
434
816
157
807
398
901
1
406
344
340
755
132
227
864
167
177
579
120
194
676
373
156
23
126
626
706
459
363
287
382
290
83
556
486
186
547
718
35
505
580
576
21
737
17
49
482
267
102
933
334
399
235
535
814
454
365
276
264
979
855
577
117
274
333
960
50
607
830
360
773
783
200
654
707
241
657
526
592
882
279
387
578
692
831
516
113
47
73
996
720
986
58
501
859
119
77
678
137
87
973
181
56
716
942
148
121
335
871
48
55
564
639
858
431
302
461
524
170
837
661
238
827
628
349
537
322
15
543
950
33
11
540
182
71
913
539
402
221
597
506
562
999
13
634
161
394
907
158
623
795
393
252
821
231
249
503
150
893
520
949
193
339
242
887
330
684
739
323
146
168
645
570
775
812
195
320
447
441
504
219
566
759
319
396
269
599
178
